.Random.seed <-
c(403L, 10L, -355307319L, -1653933864L, -464878202L, -564331423L, 
-107139597L, -1785975710L, 1183705812L, 530807767L, -955100723L, 
471016804L, -747663030L, -1086818123L, 1880444943L, -81213162L, 
1075164096L, 69623683L, 225185185L, 804450704L, -1199891858L, 
-1330029543L, 1559355563L, 418309274L, 2099754076L, -1679863457L, 
1530237749L, -994904372L, -1289419742L, -963406211L, 377883511L, 
1073349790L, -1766890664L, -1161541L, 2088478809L, -196928536L, 
2009579030L, -1573781103L, 1465856579L, -802246318L, -447183388L, 
-105919449L, -520841091L, -1190738572L, -25876134L, -1101774939L, 
860528575L, -1597344698L, 1206891216L, 1372183795L, -245253615L, 
-1015931840L, 1735954462L, 594317033L, -1182159845L, 1147888682L, 
-411617460L, 342265103L, 771027013L, 49240572L, -226772910L, 
417989069L, 1593254791L, 2047919726L, 1292617288L, -1917689781L, 
1398204841L, -1048427272L, 1685516326L, 1082229057L, 1981087443L, 
1817831042L, -1301156684L, -258730953L, -2145478867L, -1233742780L, 
198695274L, -1875495467L, -97135761L, -108967306L, -647090784L, 
1255184995L, 1540033281L, -1655496080L, 1215602190L, -1486096775L, 
566411787L, 1870904122L, 714809916L, 872079743L, -481416491L, 
1904650988L, 98507842L, -869010531L, 74811927L, -289419394L, 
-1403527880L, 1266686491L, 1294484345L, 401454536L, 924658166L, 
-125920207L, -1587323293L, -636820942L, 779333508L, 399834567L, 
-1959275363L, -1396304876L, -764448070L, -1476455675L, 1661495519L, 
919474534L, 716641520L, 1635901459L, -1430714959L, 1507688544L, 
-172962306L, 1020549513L, 1070329531L, 416737930L, -459827860L, 
1117106927L, -1027052251L, -1168409636L, 1132960178L, -1033938771L, 
-603781017L, 269377422L, -1319352216L, -1122216853L, 2012167689L, 
-962625384L, -99390522L, 124542753L, 32435123L, -176209118L, 
117380372L, 1768953239L, 1224994189L, 580709540L, 2065370762L, 
1475829L, 1607580495L, 1114735702L, 917554944L, 718029379L, -1103750687L, 
-832815792L, -1182780498L, -148999847L, -612110485L, 236871386L, 
-1328648292L, -1923689569L, -286410251L, 1490238604L, 1754466L, 
-826271427L, -368627273L, -1517980066L, -942399592L, 658665211L, 
685901465L, -1511870680L, -308722218L, -1985770927L, 1971724547L, 
487685266L, 1323135524L, -1112634137L, 921067837L, -1193962060L, 
1232128538L, -1050676891L, 1325015039L, 1686222470L, 220909072L, 
-2100915021L, 805547857L, -529775872L, -937944610L, -1871625687L, 
-2097270309L, 1273863914L, 644263052L, 76714959L, 1161046917L, 
-2007480260L, 251496722L, -978690547L, 1228606791L, -251164882L, 
426228360L, -215110773L, 537701225L, -831380168L, 69150694L, 
912768897L, -1232693485L, -1670053694L, -1701307532L, -2144213129L, 
-714391443L, 1769578244L, 1303584298L, 1497191317L, 486357039L, 
-655994570L, 2114761056L, -1531392093L, -997377855L, 992716976L, 
-202377266L, 2128456505L, 1723441995L, -1583294214L, -1785298436L, 
1648173631L, 1091069717L, -781396948L, 13921538L, -1446754851L, 
1495954647L, 1877262270L, -879191560L, 945626587L, -1790217159L, 
1912911240L, -957243082L, -112627294L, 1476385192L, -1559652724L, 
1289981372L, -1905786254L, 1053101040L, 739209796L, -1035423656L, 
-173079494L, -773196688L, -1514884036L, 367605012L, 1694022338L, 
1612584672L, 651701372L, -1095787824L, 977521058L, -724739032L, 
-1468836084L, 1715740092L, 708966194L, -769065280L, 2022400052L, 
608222920L, 1835264186L, 1051488912L, -1630322964L, 376220244L, 
1289547410L, -123138784L, -409893428L, 558816992L, 675284162L, 
1164164136L, 1067525036L, 919735996L, 1649194994L, 1295714864L, 
-171965532L, 798211512L, -1128587430L, 1555906704L, -1811673220L, 
116258068L, 1267710274L, 639292672L, 1298911676L, -1061325488L, 
-1018592990L, 1779520072L, 641405964L, -1900834212L, -915843630L, 
-675025408L, -952886956L, -531292952L, 934611194L, -1026356528L, 
-258285780L, -371329804L, 703139218L, -1165065888L, 1832931340L, 
500570336L, 166200930L, 1414832296L, 1217556556L, -1805449348L, 
908922162L, -419762576L, -2089048252L, 2123717592L, -1271281798L, 
2107171888L, 1357621180L, 1770449492L, -92100542L, 2144474784L, 
-1429220676L, -2112774192L, 702693730L, 1247873768L, 1050381516L, 
172268028L, 140325362L, -554170240L, 1412464116L, -401438072L, 
-149477574L, -159755952L, 2030628972L, 1227830676L, 959906898L, 
175968736L, -1667055412L, -699741536L, 64522626L, -218542872L, 
729125612L, 755894588L, -1701370766L, 1678495344L, 1915766308L, 
-1341949896L, -391682790L, 816292048L, -66691780L, 266174356L, 
1272483714L, -576495680L, 1655006780L, -1578165872L, -1152912350L, 
-1943283448L, -167365492L, -662805732L, 1504897170L, -71476864L, 
-389612524L, -1298559192L, -500181446L, 979608016L, 260198764L, 
803534772L, -1210642926L, -1433078816L, -176474676L, 1991251168L, 
1232207906L, 1101711144L, -1366546932L, -1238736068L, 1361179634L, 
2116373232L, 508447300L, -683096488L, 1892960058L, -1954438160L, 
607663804L, -396692204L, 1825362114L, -1007977376L, 1433500028L, 
-2071386160L, -1404884702L, 2067824296L, -372831348L, 1897229500L, 
-1451499726L, -862268864L, -630250316L, 192697416L, -858277446L, 
-1692479984L, 915159276L, 1218439508L, -1378244846L, 218613152L, 
-149247284L, -1269127584L, 1970425794L, 896877352L, -2069004884L, 
1317163324L, 1490284402L, -1279606480L, 744742692L, 182433080L, 
447634138L, 2098501520L, 2011583228L, 85286804L, 1767053378L, 
-1560949504L, 363932732L, 1521646928L, 1784391842L, 1639728968L, 
-749480180L, 226409180L, -1571339438L, -1477475712L, 1466017876L, 
-13632536L, 632289018L, 903752016L, 1447691052L, 2073966452L, 
1431647122L, 876680800L, 1521581964L, 1780867936L, 1704544226L, 
367456168L, 1204575436L, -408171012L, -1332606030L, 1114319344L, 
-162543164L, 672133464L, -1018878598L, -1290718800L, 1046237116L, 
-1888808876L, 1216512962L, 590308384L, 276851900L, 1985849936L, 
-218214430L, -863685016L, -895530420L, -1849933572L, 1637969906L, 
1163017472L, -109570188L, -1810964472L, 189871546L, 1829600720L, 
608633836L, 1163075476L, 597986258L, -795445408L, -877447860L, 
-1507336928L, -1557048446L, -794998040L, -1562856212L, 1084051695L, 
1114135417L, 80246798L, 327900636L, 511905357L, 1175662007L, 
-55409856L, -1106128354L, 326169835L, -1673233299L, 926973146L, 
1986626712L, -714194175L, 2039310515L, -922106924L, -1412587806L, 
-22110345L, -1759550783L, 1242354246L, 1199578500L, -848936139L, 
-510222049L, -608974728L, 1175852374L, -1512625181L, 1205904805L, 
1735428162L, 1221969456L, -457916839L, -1365116981L, 1782638652L, 
1051711082L, -1939575649L, 420035881L, -864106050L, 1846519980L, 
-1413952003L, 1991275847L, 1869458992L, 1150515022L, 559197051L, 
830680285L, 1606753546L, 764323880L, -1257325423L, 2057226371L, 
-55760508L, -277424206L, 444193031L, 1349557073L, -5313834L, 
-968830028L, 1466788805L, -2133529841L, 1937996168L, -797418330L, 
-1905013677L, -144650827L, 1089053458L, -1481510688L, -1138100919L, 
-1971263621L, -392510900L, 1064389594L, -1030676017L, 894252953L, 
-1262071890L, -1178512196L, -1277661907L, -849305897L, 1769514784L, 
394580094L, 2147169867L, 1856408653L, -182054278L, 430312120L, 
891682913L, 29573651L, 438798388L, -582482366L, -1309371817L, 
506618273L, -1994677658L, 1538048612L, -1375366763L, -1973990721L, 
-171117992L, -363747722L, 135166595L, -457859387L, -1920431134L, 
2097170000L, -2036657287L, 1009481899L, 1249660956L, -127058102L, 
-1447626945L, -2100721271L, -469116514L, 86822988L, 1107122717L, 
1480931239L, -319026480L, -978002834L, 169026331L, 354344061L, 
948204138L, 1584939784L, -791589967L, -1096516573L, -1228892892L, 
-245829166L, 1075647015L, -854000527L, 458990262L, -1166987692L, 
-623914267L, -1989259537L, 862399016L, -799146362L, 971356339L, 
63917589L, -236658574L, 84626624L, 657342761L, -365299813L, 1949454444L, 
750707834L, -2135765585L, 496422073L, 1136146126L, -18787300L, 
-1685158003L, 953176567L, -655751936L, -1319644322L, -2044210133L, 
-616953043L, -1417218150L, -846822056L, -2042517311L, -707070093L, 
-1732862828L, -2112116446L, 920344631L, 231508225L, 2144427014L, 
633436740L, 2039190389L, -1856743713L, 484233784L, 983652886L, 
